660 24
660 319
660 33
660 3
660 155
660 48
660 2
660 15
660 93
660 142
660 138
660 5
660 318
660 206
660 266
660 216
660 303
660 56
660 128
660 27
660 186
660 170
660 106
660 227
660 38
660 242
660 188
660 167
660 149
660 129
660 173
660 220
660 244
660 248
660 100
660 247
660 254
660 265
660 306
660 313
660 304
660 317
660 298
660 311
660 293
660 314
660 305
660 316
660 315
660 297
660 312
660 288
660 611
660 646
660 497
660 623
660 538
660 546
660 652
660 413
660 381
660 457
660 513
660 515
660 526
660 433
660 566
660 644
660 409
660 387
660 550
660 574
660 575
660 567
660 576
660 583
660 586
660 621
660 568
660 604
660 610
660 615
660 614
660 595
660 543
660 645
660 598
660 637
660 522
660 642
660 638
660 480
660 654
660 472
660 653
660 536
660 651
660 553
660 608
660 661
660 656
660 658
657 254
657 255
657 38
657 566
657 135
657 498
657 611
657 661
657 198
657 431
657 5
657 128
657 372
657 472
657 227
657 654
657 144
657 522
657 643
657 541
657 534
657 48
657 253
657 186
657 129
657 2
657 1
657 218
657 63
657 12
657 3
657 13
657 76
657 574
657 602
657 595
657 497
657 433
657 138
657 224
657 620
657 652
657 15
657 314
656 254
656 645
656 255
656 85
656 517
656 293
656 627
656 448
656 381
656 266
656 611
656 155
656 661
656 547
656 27
656 586
656 312
656 494
656 515
656 638
656 221
656 651
656 504
656 522
656 540
656 623
656 541
656 483
656 319
656 129
656 2
656 608
656 580
656 575
656 3
656 315
656 526
656 76
656 574
656 49
656 595
656 405
656 138
656 639
656 235
656 546
656 649
656 652
656 409
656 317
656 555
656 281
656 640
655 566
655 135
655 498
655 155
655 661
655 637
655 5
655 541
655 534
655 2
655 218
655 33
655 76
655 224
654 298
654 253
654 24
654 311
654 5
654 12
654 305
654 255
654 27
654 186
654 56
654 38
654 149
654 129
654 244
654 248
654 100
654 304
654 313
654 314
654 76
654 315
654 128
654 254
654 63
654 84
654 247
654 265
654 312
654 297
654 319
654 546
654 611
654 614
654 577
654 405
654 583
654 604
654 620
654 598
654 645
654 498
654 497
654 431
654 595
654 496
654 513
654 526
654 372
654 550
654 575
654 574
654 554
654 534
654 610
654 543
654 549
654 637
654 433
654 472
654 653
654 628
654 658
654 661
654 652
654 502
653 254
653 645
653 38
653 206
653 244
653 173
653 566
653 149
653 610
653 583
653 498
653 611
653 119
653 661
653 547
653 637
653 27
653 198
653 228
653 431
653 5
653 515
653 550
653 643
653 551
653 111
653 609
653 541
653 319
653 253
653 129
653 2
653 608
653 575
653 63
653 457
653 12
653 413
653 574
653 538
653 595
653 621
653 481
653 304
653 409
653 15
653 314
651 56
651 93
651 269
651 188
651 303
651 319
651 24
651 155
651 38
651 242
651 288
651 298
651 281
651 648
651 649
651 567
651 598
651 497
651 644
651 637
651 504
651 409
651 546
651 645
651 611
651 615
651 419
651 405
651 518
651 580
651 646
651 628
650 258
650 558
650 606
650 549
650 340
650 264
650 584
650 330
650 133
650 570
650 260
650 146
650 165
650 507
650 202
650 78
650 622
650 559
650 630
650 532
650 533
650 333
650 516
650 156
650 581
649 5
649 15
649 313
649 309
649 56
649 24
649 186
649 227
649 45
649 111
649 38
649 242
649 93
649 269
649 206
649 188
649 221
649 266
649 247
649 262
649 298
649 317
649 315
649 281
649 303
649 288
649 319
649 641
649 644
649 611
649 524
649 526
649 402
649 637
649 522
649 582
649 543
649 388
649 615
649 661
649 645
649 504
649 613
649 580
649 518
649 601
649 405
649 409
649 480
649 646
649 658
649 472
648 38
648 45
648 188
648 611
648 248
648 661
648 638
648 269
648 579
648 504
648 319
648 253
648 587
648 388
648 580
648 600
648 245
647 70
647 2
647 90
647 5
647 13
647 254
647 200
647 68
647 128
647 127
647 63
647 197
647 300
647 370
647 395
647 624
647 441
647 516
647 513
647 621
646 254
646 255
646 170
646 38
646 206
646 244
646 173
646 566
646 135
646 610
646 583
646 381
646 498
646 266
646 611
646 248
646 155
646 661
646 547
646 637
646 27
646 198
646 239
646 586
646 228
646 431
646 5
646 372
646 312
646 477
646 472
646 523
646 227
646 579
646 221
646 144
646 550
646 504
646 522
646 643
646 474
646 623
646 541
646 534
646 48
646 319
646 441
646 253
646 186
646 129
646 185
646 2
646 1
646 218
646 580
646 575
646 63
646 12
646 568
646 600
646 590
646 315
646 413
646 33
646 76
646 574
646 602
646 49
646 595
646 306
646 245
646 405
646 138
646 639
646 621
646 224
646 213
646 481
646 235
646 304
646 546
646 652
646 409
646 317
646 511
646 15
646 555
646 314
646 281
645 261
645 253
645 24
645 216
645 3
645 48
645 2
645 11
645 111
645 13
645 5
645 93
645 242
645 318
645 27
645 12
645 56
645 311
645 76
645 266
645 38
645 15
645 298
645 297
645 170
645 245
645 313
645 142
645 64
645 135
645 206
645 100
645 220
645 255
645 244
645 316
645 303
645 314
645 128
645 84
645 106
645 262
645 155
645 186
645 49
645 63
645 119
645 69
645 198
645 149
645 254
645 257
645 247
645 288
645 317
645 306
645 315
645 309
645 319
645 312
645 538
645 497
645 546
645 644
645 409
645 515
645 614
645 583
645 613
645 661
645 643
645 518
645 405
645 637
645 582
645 609
645 608
645 448
645 601
645 412
645 498
645 631
645 598
645 576
645 574
645 472
645 473
645 476
645 580
645 517
645 431
645 513
645 457
645 528
645 526
645 531
645 547
645 541
645 550
645 573
645 481
645 566
645 575
645 578
645 522
645 413
645 589
645 387
645 595
645 593
645 568
645 652
645 610
645 623
645 615
645 620
645 543
645 611
645 621
645 658
645 480
645 628
644 254
644 255
644 170
644 38
644 206
644 386
644 244
644 524
644 566
644 135
644 149
644 583
644 611
644 573
644 119
644 155
644 547
644 27
644 198
644 5
644 128
644 515
644 269
644 227
644 221
644 522
644 643
644 551
644 609
644 541
644 319
644 129
644 2
644 218
644 580
644 63
644 568
644 413
644 76
644 574
644 595
644 497
644 138
644 621
644 224
644 582
644 481
644 620
644 304
644 546
644 652
644 220
644 15
644 281
643 33
643 318
643 84
643 15
643 319
643 27
643 56
643 224
643 170
643 129
643 255
643 244
643 263
643 72
643 63
643 257
643 119
643 265
643 227
643 69
643 149
643 216
643 218
643 254
643 247
643 312
643 315
643 297
643 611
643 545
643 591
643 609
643 583
643 598
643 554
643 381
643 574
643 515
643 520
643 547
643 541
643 550
643 543
643 481
643 413
643 522
643 387
643 595
643 652
643 610
643 620
642 2
642 242
642 93
642 188
642 315
642 303
642 24
642 254
642 281
642 288
642 319
642 409
642 504
642 524
642 638
642 579
642 580
641 38
641 206
641 524
641 611
641 269
641 579
641 319
641 580
641 76
641 538
641 213
641 281
640 24
640 63
640 111
640 319
640 604
640 615
640 580
639 24
639 56
639 127
639 106
639 315
639 319
639 409
639 613
639 480
638 2
638 155
638 69
638 129
638 317
638 313
638 315
638 319
638 543
638 409
638 575
638 518
638 504
638 480
638 661
638 632
637 1
637 13
637 48
637 24
637 2
637 33
637 5
637 11
637 3
637 27
637 84
637 72
637 319
637 15
637 12
637 76
637 142
637 314
637 304
637 248
637 281
637 198
637 224
637 216
637 220
637 245
637 64
637 63
637 38
637 257
637 136
637 298
637 313
637 119
637 261
637 69
637 129
637 254
637 106
637 197
637 170
637 186
637 128
637 155
637 312
637 306
637 135
637 255
637 311
637 215
637 265
637 227
637 228
637 242
637 149
637 173
637 244
637 247
637 316
637 297
637 611
637 582
637 583
637 520
637 576
637 413
637 652
637 541
637 574
637 591
637 598
637 498
637 573
637 567
637 547
637 378
637 515
637 522
637 602
637 661
637 553
637 474
637 472
637 441
637 595
637 614
637 409
637 381
637 473
637 497
637 433
637 527
637 513
637 526
637 530
637 448
637 631
637 523
637 538
637 545
637 546
637 550
637 566
637 575
637 587
637 589
637 586
637 502
637 593
637 581
637 512
637 568
637 543
637 608
637 609
637 610
637 508
637 658
637 621
636 126
636 183
636 200
636 299
636 339
632 517
632 38
632 627
632 266
632 507
632 586
632 227
632 111
632 319
632 3
632 315
632 213
632 546
632 409
632 317
632 555
631 254
631 255
631 244
631 173
631 149
631 583
631 611
631 119
631 27
631 5
631 550
631 609
631 319
631 608
631 13
631 574
631 538
631 595
631 497
631 546
631 652
631 15
630 29
630 184
630 308
630 14
630 165
630 156
630 196
630 302
630 296
630 133
630 202
630 172
630 264
630 558
630 581
630 562
630 626
630 489
630 596
630 479
630 552
630 570
630 559
630 622
630 603
630 605
630 532
630 340
630 592
630 507
630 549
630 537
630 606
630 333
630 625
630 346
630 659
629 200
629 268
629 196
629 90
629 310
629 308
629 127
629 626
629 479
628 611
628 312
628 472
628 227
628 319
628 497
627 56
627 213
627 317
627 543
627 511
627 604
627 555
627 613
627 540
627 536
627 412
626 308
626 165
626 232
626 179
626 310
626 29
626 14
626 90
626 200
626 156
626 196
626 127
626 552
626 344
626 603
626 441
626 516
626 577
626 479
626 549
626 462
626 592
626 537
625 258
625 558
625 606
625 340
625 264
625 584
625 133
625 570
625 260
625 165
625 202
625 622
625 559
625 532
625 533
625 525
625 333
625 581
625 605
624 3
624 310
624 228
624 313
624 448
624 322
624 341
623 1
623 5
623 239
623 314
623 319
623 155
623 38
623 93
623 129
623 266
623 306
623 613
623 658
623 611
623 604
623 543
623 583
623 409
623 580
623 661
623 590
623 472
623 582
623 497
622 1
622 29
622 109
622 78
622 200
622 178
622 259
622 264
622 146
622 43
622 184
622 238
622 165
622 133
622 196
622 202
622 258
622 302
622 570
622 479
622 581
622 584
622 552
622 616
622 606
622 346
622 490
622 438
622 549
622 577
622 516
622 532
622 542
622 559
622 562
622 564
622 337
622 565
622 335
622 328
622 507
622 558
622 340
622 592
622 597
622 603
622 619
622 605
622 596
622 659
621 2
621 3
621 11
621 5
621 15
621 13
621 12
621 27
621 170
621 38
621 69
621 149
621 129
621 304
621 24
621 128
621 186
621 63
621 119
621 106
621 142
621 228
621 216
621 255
621 244
621 254
621 257
621 247
621 261
621 297
621 319
621 313
621 306
621 515
621 538
621 547
621 602
621 518
621 491
621 567
621 526
621 497
621 541
621 587
621 546
621 575
621 550
621 481
621 574
621 583
621 413
621 586
621 522
621 593
621 448
621 387
621 661
621 613
621 609
621 595
621 543
621 610
621 615
621 614
621 611
621 395
621 598
621 472
621 652
621 658
620 15
620 12
620 27
620 56
620 170
620 38
620 149
620 304
620 72
620 24
620 76
620 46
620 128
620 84
620 63
620 224
620 106
620 111
620 135
620 216
620 244
620 254
620 248
620 218
620 257
620 265
620 318
620 311
620 315
620 319
620 515
620 574
620 566
620 546
620 386
620 320
620 598
620 523
620 520
620 526
620 541
620 481
620 543
620 575
620 578
620 555
620 522
620 534
620 614
620 610
620 554
620 611
619 29
619 78
619 109
619 146
619 89
619 196
619 178
619 258
619 259
619 490
619 346
619 570
619 475
619 335
619 606
619 332
619 542
619 493
619 561
619 556
619 584
619 560
619 338
619 337
619 592
619 562
619 564
619 565
619 616
619 659
617 549
617 559
617 496
617 345
617 127
616 29
616 109
616 78
616 259
616 146
616 196
616 178
616 258
616 475
616 532
616 346
616 560
616 493
616 603
616 332
616 592
616 335
616 329
616 337
616 561
616 338
616 597
616 564
616 565
616 659
615 254
615 149
615 448
615 319
615 129
615 2
615 3
615 315
615 317
615 15
614 254
614 170
614 38
614 244
614 173
614 566
614 149
614 610
614 583
614 448
614 498
614 611
614 155
614 661
614 547
614 27
614 198
614 586
614 228
614 11
614 5
614 100
614 312
614 515
614 472
614 550
614 522
614 609
614 541
614 319
614 253
614 587
614 316
614 142
614 186
614 129
614 2
614 580
614 575
614 63
614 512
614 12
614 3
614 13
614 315
614 33
614 574
614 602
614 595
614 306
614 497
614 245
614 433
614 582
614 304
614 546
614 652
614 220
614 15
614 314
614 281
613 254
613 255
613 85
613 170
613 38
613 58
613 566
613 583
613 266
613 365
613 155
613 661
613 136
613 239
613 11
613 5
613 477
613 527
613 227
613 221
613 534
613 48
613 319
613 441
613 142
613 186
613 185
613 150
613 2
613 1
613 580
613 12
613 590
613 315
613 384
613 49
613 595
613 245
613 138
613 224
613 582
613 213
613 235
613 409
612 116
611 538
611 3
611 306
611 13
611 2
611 319
611 33
611 144
611 5
611 11
611 72
611 316
611 58
611 298
611 155
611 84
611 48
611 216
611 315
611 257
611 76
611 100
611 248
611 56
611 27
611 266
611 106
611 15
611 318
611 135
611 12
611 245
611 281
611 313
611 198
611 24
611 128
611 186
611 63
611 119
611 224
611 170
611 45
611 38
611 69
611 242
611 93
611 253
611 150
611 206
611 149
611 129
611 173
611 244
611 197
611 247
611 254
611 261
611 265
611 288
611 304
611 297
611 314
611 309
611 312
611 554
611 576
611 652
611 413
611 543
611 582
611 583
611 602
611 448
611 553
611 433
611 520
611 409
611 591
611 528
611 518
611 546
611 378
611 513
611 595
611 555
611 477
611 601
611 381
611 498
611 567
611 473
611 431
611 441
611 497
611 547
611 531
611 522
611 515
611 472
611 526
611 530
611 523
611 481
611 541
611 550
611 578
611 566
611 574
611 575
611 387
611 593
611 512
611 598
611 405
611 480
611 609
611 610
611 658
611 661
611 502
610 2
610 3
610 5
610 15
610 13
610 12
610 56
610 24
610 27
610 186
610 63
610 119
610 224
610 170
610 106
610 227
610 38
610 69
610 242
610 93
610 142
610 135
610 228
610 149
610 129
610 216
610 255
610 197
610 254
610 173
610 247
610 244
610 261
610 265
610 263
610 312
610 313
610 305
610 316
610 309
610 311
610 297
610 319
610 306
610 314
610 304
610 498
610 409
610 586
610 512
610 568
610 602
610 472
610 601
610 598
610 591
610 502
610 574
610 433
610 480
610 412
610 608
610 609
610 387
610 658
610 595
610 661
610 543
610 652
610 522
609 48
609 24
609 3
609 27
609 15
609 149
609 5
609 253
609 228
609 312
609 111
609 298
609 244
609 297
609 319
609 255
609 106
609 129
609 38
609 197
609 100
609 316
609 313
609 314
609 142
609 254
609 138
609 84
609 119
609 128
609 186
609 257
609 247
609 304
609 311
609 305
609 306
609 387
609 583
609 598
609 576
609 497
609 448
609 546
609 587
609 608
609 538
609 574
609 515
609 566
609 502
609 513
609 526
609 531
609 661
609 341
609 550
609 575
609 595
609 543
609 586
609 652
609 568
609 658
608 2
608 3
608 27
608 15
608 129
608 24
608 170
608 48
608 220
608 255
608 247
608 248
608 244
608 316
608 314
608 298
608 315
608 128
608 119
608 136
608 142
608 106
608 69
608 254
608 149
608 312
608 304
608 305
608 311
608 319
608 431
608 538
608 497
608 600
608 546
608 598
608 583
608 387
608 381
608 457
608 513
608 531
608 547
608 372
608 595
608 574
608 576
608 543
608 661
606 109
606 133
606 29
606 165
606 78
606 178
606 259
606 260
606 264
606 146
606 89
606 196
606 238
606 258
606 184
606 202
606 302
606 565
606 552
606 507
606 338
606 342
606 525
606 570
606 594
606 337
606 537
606 605
606 533
606 556
606 584
606 346
606 603
606 549
606 558
606 489
606 490
606 577
606 516
606 479
606 532
606 542
606 560
606 328
606 563
606 559
606 561
606 581
606 340
606 592
606 562
606 596
606 659
605 558
605 549
605 340
605 264
605 570
605 260
605 165
605 202
605 78
605 559
605 29
605 552
605 328
605 172
605 156
605 581
605 302
604 381
604 266
604 155
604 136
604 239
604 477
604 221
604 144
604 210
604 540
604 319
604 1
604 590
604 315
604 574
604 384
604 49
604 582
604 213
604 235
604 546
604 409
604 317
603 258
603 558
603 549
603 340
603 264
603 584
603 560
603 133
603 570
603 260
603 146
603 165
603 563
603 202
603 78
603 559
603 109
603 532
603 533
603 556
603 542
603 525
603 156
603 581
603 605
603 537
603 308
602 33
602 2
602 11
602 257
602 58
602 3
602 5
602 12
602 138
602 244
602 24
602 198
602 27
602 38
602 72
602 106
602 48
602 149
602 304
602 128
602 63
602 224
602 135
602 206
602 216
602 247
602 261
602 265
602 298
602 313
602 319
602 413
602 582
602 538
602 515
602 547
602 566
602 541
602 591
602 595
602 481
602 575
602 472
602 528
602 431
602 497
602 513
602 550
602 583
602 587
602 573
602 593
602 658
602 661
602 601
601 170
601 58
601 583
601 381
601 498
601 119
601 155
601 661
601 27
601 586
601 5
601 128
601 269
601 472
601 227
601 221
601 48
601 319
601 2
601 12
601 590
601 315
601 595
601 138
601 582
601 546
601 652
601 409
601 281
600 15
600 93
600 242
600 200
600 269
600 84
600 303
600 244
600 14
600 45
600 288
600 127
600 579
600 504
600 405
600 580
600 563
600 479
600 457
600 516
600 567
600 329
600 402
600 341
599 29
599 302
599 549
599 346
599 659
599 509
598 254
598 255
598 170
598 38
598 244
598 173
598 45
598 135
598 149
598 583
598 448
598 498
598 573
598 155
598 661
598 547
598 27
598 586
598 431
598 5
598 100
598 372
598 312
598 515
598 472
598 227
598 579
598 550
598 522
598 111
598 319
598 64
598 142
598 129
598 2
598 580
598 575
598 63
598 12
598 3
598 13
598 526
598 33
598 76
598 574
598 595
598 306
598 497
598 582
598 481
598 304
598 546
598 652
598 317
598 15
598 314
598 281
597 178
597 560
597 662
596 258
596 340
596 264
596 133
596 570
596 260
596 165
596 563
596 202
596 100
596 78
596 532
596 345
596 581
596 605
596 308
595 2
595 255
595 5
595 11
595 48
595 3
595 33
595 72
595 254
595 15
595 311
595 216
595 12
595 128
595 253
595 13
595 76
595 304
595 63
595 106
595 56
595 24
595 142
595 257
595 248
595 313
595 314
595 319
595 315
595 170
595 27
595 261
595 119
595 247
595 38
595 69
595 245
595 387
595 206
595 149
595 129
595 266
595 100
595 197
595 244
595 297
595 306
595 288
595 298
595 312
595 580
595 518
595 546
595 583
595 381
595 492
595 480
595 550
595 576
595 661
595 543
595 587
595 433
595 522
595 658
595 652
595 498
595 574
595 538
595 551
595 457
595 589
595 513
595 431
595 515
595 441
595 500
595 517
595 526
595 448
595 424
595 497
595 547
595 575
595 567
595 472
595 578
595 586
594 330
594 341
594 100
594 305
594 344
594 310
594 516
594 127
593 472
593 2
593 218
593 13
593 306
592 258
592 336
592 558
592 549
592 340
592 264
592 584
592 341
592 560
592 133
592 570
592 260
592 146
592 165
592 507
592 563
592 202
592 78
592 109
592 232
592 532
592 344
592 533
592 438
592 556
592 542
592 332
592 333
592 172
592 516
592 156
592 581
592 605
592 537
592 308
591 254
591 170
591 38
591 206
591 386
591 566
591 135
591 583
591 498
591 248
591 155
591 661
591 547
591 27
591 198
591 11
591 5
591 128
591 269
591 472
591 523
591 550
591 522
591 541
591 48
591 441
591 129
591 460
591 2
591 218
591 12
591 413
591 33
591 76
591 245
591 224
591 582
591 652
591 15
590 1
590 266
590 85
590 213
590 144
590 27
590 49
590 221
590 155
590 239
590 136
590 317
590 409
590 582
590 555
590 540
590 412
590 557
590 574
590 567
590 522
590 658
590 543
590 536
589 170
589 38
589 365
589 248
589 661
589 128
589 527
589 111
589 2
589 12
589 314
587 2
587 3
587 5
587 13
587 12
587 15
587 313
587 128
587 63
587 170
587 253
587 129
587 228
587 216
587 255
587 244
587 100
587 298
587 312
587 186
587 227
587 38
587 69
587 254
587 247
587 304
587 311
587 546
587 522
587 550
587 658
587 387
587 652
587 515
587 547
587 341
587 472
587 575
587 586
586 2
586 3
586 5
586 15
586 12
586 24
586 27
586 186
586 224
586 170
586 106
586 38
586 69
586 253
586 142
586 149
586 129
586 254
586 100
586 316
586 314
586 297
586 315
586 311
586 298
586 306
586 313
586 319
586 304
586 433
586 480
586 661
586 448
586 658
586 543
584 9
584 29
584 78
584 109
584 121
584 165
584 184
584 178
584 264
584 302
584 204
584 296
584 570
584 581
584 493
584 495
584 335
584 556
584 562
584 337
584 346
584 475
584 565
584 532
584 328
584 564
584 560
584 542
584 338
584 385
584 340
584 659
583 27
583 2
583 304
583 13
583 3
583 11
583 48
583 5
583 76
583 106
583 12
583 119
583 72
583 15
583 24
583 128
583 63
583 197
583 220
583 56
583 224
583 170
583 93
583 228
583 129
583 216
583 255
583 173
583 257
583 244
583 263
583 316
583 298
583 303
583 314
583 313
583 319
583 198
583 38
583 186
583 155
583 227
583 69
583 149
583 254
583 247
583 265
583 312
583 311
583 306
583 297
583 515
583 541
583 652
583 576
583 497
583 378
583 448
583 480
583 546
583 550
583 502
583 518
583 409
583 658
583 543
583 661
583 582
583 522
583 578
583 473
583 513
583 441
583 431
583 526
583 530
583 531
583 538
583 547
583 506
583 573
583 575
583 566
583 574
583 472
582 1
582 2
582 48
582 155
582 224
582 5
582 266
582 85
582 58
582 213
582 198
582 269
582 38
582 93
582 138
582 170
582 27
582 56
582 24
582 188
582 69
582 206
582 129
582 261
582 298
582 313
582 303
582 72
582 150
582 221
582 144
582 136
582 265
582 106
582 185
582 239
582 216
582 254
582 245
582 257
582 309
582 288
582 315
582 317
582 281
582 306
582 566
582 547
582 540
582 498
582 557
582 409
582 497
582 580
582 473
582 384
582 523
582 528
582 526
582 378
582 480
582 536
582 541
582 575
582 576
582 522
582 567
582 543
582 387
582 578
582 472
582 661
582 658
582 555
582 388
581 260
581 264
581 165
581 202
581 29
581 78
581 559
581 109
581 184
581 302
581 133
581 296
581 196
581 258
581 295
581 301
581 489
581 333
581 561
581 532
581 659
581 340
581 552
581 346
581 490
581 337
581 537
581 549
581 570
581 558
581 562
581 342
581 556
581 564
581 493
581 338
581 328
581 560
581 542
581 533
581 341
581 525
580 288
580 93
580 76
580 319
580 216
580 269
580 142
580 242
580 33
580 12
580 138
580 135
580 281
580 303
580 128
580 56
580 257
580 24
580 155
580 38
580 150
580 198
580 206
580 129
580 188
580 221
580 254
580 261
580 265
580 316
580 518
580 413
580 388
580 658
580 381
580 481
580 550
580 652
580 546
580 402
580 543
580 504
580 661
580 405
580 473
580 531
580 497
580 457
580 524
580 547
580 567
580 575
580 579
579 200
579 518
579 539
579 303
579 93
579 288
579 289
579 192
579 242
579 84
579 138
579 188
579 296
579 281
579 247
579 45
579 546
579 329
579 504
579 336
579 405
579 563
579 478
579 531
579 524
579 402
579 658
578 254
578 255
578 566
578 135
578 155
578 547
578 27
578 198
578 228
578 5
578 128
578 269
578 472
578 227
578 550
578 541
578 129
578 2
578 575
578 33
578 76
578 306
578 497
578 138
578 224
578 481
578 546
578 220
578 314
578 281
577 558
577 549
577 340
577 264
577 133
577 570
577 165
577 202
577 305
577 125
577 532
577 533
577 542
577 332
577 156
577 537
576 170
576 38
576 566
576 381
576 365
576 248
576 155
576 661
576 27
576 198
576 228
576 100
576 312
576 515
576 527
576 472
576 522
576 541
576 319
576 316
576 129
576 2
576 3
576 574
576 306
576 497
576 224
576 481
576 304
576 546
576 652
576 220
576 15
576 314
575 2
575 3
575 5
575 15
575 12
575 24
575 27
575 186
575 63
575 119
575 224
575 170
575 106
575 111
575 38
575 69
575 253
575 142
575 228
575 149
575 129
575 255
575 218
575 197
575 254
575 100
575 244
575 261
575 263
575 316
575 317
575 303
575 306
575 305
575 311
575 298
575 304
575 314
575 319
575 297
575 315
575 313
575 658
575 553
575 433
575 555
575 550
575 448
575 568
575 480
575 566
575 546
575 409
575 543
575 574
575 497
575 661
575 522
574 2
574 11
574 5
574 311
574 13
574 27
574 15
574 128
574 12
574 265
574 48
574 76
574 129
574 72
574 24
574 163
574 38
574 255
574 64
574 186
574 63
574 224
574 170
574 106
574 227
574 111
574 69
574 242
574 253
574 198
574 167
574 149
574 216
574 266
574 257
574 254
574 244
574 247
574 100
574 197
574 263
574 312
574 316
574 304
574 309
574 306
574 305
574 315
574 298
574 297
574 314
574 319
574 554
574 431
574 528
574 372
574 652
574 541
574 448
574 387
574 381
574 441
574 534
574 413
574 497
574 513
574 515
574 498
574 526
574 555
574 378
574 568
574 538
574 546
574 573
574 550
574 566
574 433
574 658
574 543
574 661
574 522
573 48
573 13
573 2
573 5
573 11
573 3
573 38
573 12
573 128
573 72
573 27
573 186
573 63
573 224
573 170
573 106
573 69
573 129
573 149
573 257
573 100
573 265
573 263
573 306
573 316
573 297
573 312
573 318
573 543
573 538
573 661
573 534
573 513
573 457
573 387
573 498
573 528
573 433
573 652
573 547
573 541
573 658
573 550
573 522
573 554
572 266
572 155
572 136
572 477
572 540
572 319
572 1
572 384
572 49
572 213
572 235
572 317
572 555
570 29
570 78
570 184
570 109
570 165
570 172
570 178
570 259
570 260
570 264
570 302
570 146
570 34
570 133
570 196
570 337
570 552
570 490
570 556
570 493
570 558
570 335
570 475
570 562
570 346
570 537
570 525
570 542
570 503
570 560
570 338
570 328
570 565
570 507
570 564
570 340
570 561
570 659
569 68
569 156
569 10
569 70
569 90
569 137
569 14
569 65
569 44
569 34
569 202
569 127
569 465
569 469
569 475
569 479
569 455
569 496
569 516
569 488
568 5
568 15
568 213
568 27
568 129
568 149
568 100
568 24
568 224
568 106
568 111
568 228
568 247
568 254
568 263
568 316
568 311
568 298
568 306
568 314
568 313
568 319
568 566
568 505
568 546
568 543
568 658
568 433
568 498
568 448
568 652
567 85
567 517
567 155
567 661
567 547
567 5
567 269
567 221
567 48
567 319
567 2
567 315
567 497
567 138
567 224
567 235
567 546
567 409
567 281
566 33
566 13
566 2
566 198
566 5
566 319
566 27
566 224
566 72
566 135
566 76
566 15
566 218
566 318
566 85
566 138
566 56
566 257
566 38
566 265
566 170
566 128
566 69
566 129
566 149
566 142
566 84
566 24
566 63
566 197
566 106
566 227
566 111
566 206
566 306
566 216
566 255
566 254
566 261
566 263
566 297
566 313
566 298
566 554
566 413
566 541
566 547
566 386
566 520
566 528
566 381
566 457
566 526
566 530
566 522
566 534
566 661
566 546
566 378
566 548
566 506
566 550
566 481
566 543
566 472
565 258
565 475
565 340
565 264
565 560
565 133
565 146
565 202
565 335
565 78
565 109
565 532
565 556
565 542
565 332
564 258
564 475
564 264
564 330
564 560
564 133
564 146
564 165
564 202
564 335
564 78
564 109
564 532
564 441
564 533
564 556
564 542
564 332
564 605
563 29
563 192
563 296
563 80
563 196
563 264
563 302
563 289
563 336
563 346
563 329
563 539
563 533
563 659
563 552
563 507
563 544
563 405
563 478
562 475
562 558
562 340
562 264
562 478
562 560
562 133
562 146
562 165
562 202
562 335
562 78
562 559
562 109
562 441
562 533
562 556
562 89
562 332
561 340
561 264
561 560
561 165
561 335
561 78
561 559
561 109
561 533
561 556
560 29
560 109
560 133
560 202
560 178
560 259
560 264
560 475
560 465
560 441
560 493
560 332
560 542
560 335
560 556
560 328
560 337
560 659
560 346
560 338
559 29
559 302
559 165
559 156
559 133
559 202
559 259
559 264
559 556
559 333
559 337
559 558
559 340
559 338
559 659
558 78
558 29
558 308
558 165
558 184
558 302
558 258
558 133
558 202
558 260
558 264
558 516
558 490
558 552
558 333
558 507
558 537
558 659
558 346
558 340
557 85
557 266
557 151
557 155
557 418
557 86
557 185
557 1
557 213
557 123
556 165
556 89
556 29
556 264
556 202
556 178
556 259
556 146
556 659
556 346
556 475
556 493
556 340
556 533
556 329
556 441
556 335
556 542
556 332
556 328
556 337
556 338
555 1
555 5
555 138
555 155
555 85
555 309
555 313
555 319
555 49
555 136
555 213
555 144
555 106
555 111
555 185
555 235
555 266
555 317
555 315
555 543
555 658
555 480
555 409
555 435
555 494
555 384
555 540
555 546
555 511
555 483
555 536
554 255
554 38
554 386
554 244
554 498
554 248
554 198
554 431
554 11
554 372
554 472
554 227
554 144
554 541
554 534
554 319
554 253
554 316
554 218
554 12
554 413
554 33
554 76
554 306
554 405
554 224
554 481
554 546
553 254
553 170
553 38
553 173
553 135
553 498
553 119
553 155
553 661
553 27
553 11
553 5
553 128
553 312
553 319
553 142
553 186
553 129
553 2
553 1
553 12
553 3
553 315
553 33
553 538
553 497
553 245
553 546
553 15
552 258
552 264
552 133
552 260
552 165
552 507
552 202
552 532
552 438
552 308
551 15
551 216
551 245
551 491
551 527
550 2
550 13
550 3
550 58
550 11
550 24
550 5
550 12
550 76
550 224
550 198
550 15
550 72
550 128
550 27
550 63
550 253
550 142
550 129
550 216
550 38
550 257
550 247
550 173
550 314
550 306
550 319
550 138
550 186
550 119
550 84
550 170
550 106
550 227
550 69
550 243
550 149
550 244
550 254
550 100
550 197
550 265
550 263
550 316
550 311
550 297
550 312
550 304
550 534
550 652
550 522
550 543
550 541
550 546
550 661
550 658
550 513
550 481
550 547
550 448
550 498
550 497
550 472
549 14
549 165
549 29
549 200
549 156
549 84
549 65
549 296
549 302
549 70
549 137
549 202
549 264
549 308
549 479
549 659
549 489
549 346
549 537
549 533
549 469
549 340
549 438
549 516
549 525
548 86
548 2
548 218
548 492
548 224
547 2
547 11
547 3
547 5
547 15
547 12
547 13
547 58
547 27
547 32
547 56
547 170
547 38
547 69
547 48
547 198
547 149
547 129
547 24
547 138
547 128
547 186
547 63
547 119
547 206
547 155
547 106
547 227
547 150
547 142
547 135
547 228
547 216
547 221
547 255
547 244
547 197
547 254
547 257
547 173
547 247
547 261
547 265
547 315
547 313
547 314
547 319
547 312
547 515
547 376
547 497
547 513
547 531
547 473
547 523
547 522
547 448
547 652
547 546
547 498
547 472
547 658
547 661
546 2
546 3
546 11
546 5
546 13
546 12
546 15
546 48
546 128
546 27
546 63
546 213
546 56
546 224
546 170
546 93
546 253
546 206
546 129
546 216
546 173
546 220
546 235
546 244
546 257
546 100
546 197
546 248
546 261
546 316
546 298
546 314
546 313
546 303
546 318
546 319
546 24
546 186
546 119
546 106
546 227
546 111
546 38
546 69
546 149
546 218
546 266
546 254
546 247
546 265
546 315
546 281
546 317
546 288
546 297
546 306
546 311
546 312
546 304
546 372
546 413
546 433
546 502
546 480
546 448
546 409
546 518
546 661
546 652
546 522
546 543
546 387
546 658
546 513
546 515
546 526
546 540
546 536
545 170
545 38
545 498
545 155
545 661
545 472
545 319
545 76
545 304
544 296
544 295
544 539
544 336
544 535
543 254
543 255
543 85
543 170
543 517
543 38
543 206
543 244
543 58
543 173
543 135
543 149
543 381
543 498
543 266
543 248
543 119
543 155
543 661
543 27
543 198
543 506
543 228
543 431
543 11
543 5
543 100
543 128
543 372
543 312
543 494
543 515
543 269
543 477
543 472
543 227
543 221
543 144
543 522
543 111
543 540
543 474
543 541
543 534
543 48
543 319
543 441
543 64
543 253
543 316
543 142
543 186
543 129
543 2
543 218
543 63
543 512
543 457
543 12
543 3
543 315
543 413
543 526
543 76
543 538
543 306
543 433
543 138
543 224
543 213
543 481
543 304
543 652
543 409
543 220
543 317
543 15
543 314
543 281
542 1
542 9
542 34
542 29
542 109
542 165
542 296
542 133
542 178
542 264
542 302
542 495
542 328
542 490
542 337
542 493
542 532
542 338
542 335
542 346
542 659
541 24
541 155
541 13
541 268
541 3
541 33
541 27
541 76
541 306
541 198
541 84
541 72
541 220
541 216
541 15
541 314
541 138
541 221
541 318
541 135
541 248
541 197
541 12
541 106
541 309
541 56
541 128
541 224
541 257
541 63
541 227
541 69
541 129
541 173
541 255
541 254
541 218
541 261
541 263
541 265
541 312
541 304
541 319
541 413
541 528
541 520
541 378
541 387
541 498
541 412
541 522
541 652
541 335
541 441
541 513
541 515
541 481
541 472
541 658
540 1
540 266
540 213
540 235
540 85
540 319
540 317
540 513
540 494
540 480
540 536
539 289
539 80
539 192
539 405
539 535
539 478
539 329
538 24
538 3
538 253
538 239
538 111
538 48
538 64
538 306
538 13
538 15
538 2
538 11
538 319
538 27
538 255
538 76
538 316
538 12
538 261
538 142
538 298
538 257
538 254
538 311
538 312
538 297
538 128
538 244
538 149
538 129
538 119
538 106
538 100
538 304
538 305
538 63
538 227
538 69
538 265
538 314
538 515
538 433
538 431
538 457
538 661
538 498
538 381
538 448
538 513
538 500
538 658
538 522
538 497
537 533
537 165
537 34
537 202
537 296
537 156
537 184
537 196
537 14
537 200
537 264
537 179
537 308
537 532
537 490
537 332
537 516
537 328
537 340
536 266
536 136
536 494
536 221
536 210
536 319
536 185
536 1
536 315
536 384
536 49
536 213
536 235
536 317
536 127
535 478
535 289
534 5
534 76
534 38
534 56
534 253
534 72
534 220
534 186
534 224
534 227
534 257
534 265
534 311
534 319
534 661
534 372
534 658
533 59
533 295
533 29
533 165
533 14
533 156
533 296
533 200
533 259
533 133
533 202
533 264
533 490
533 489
533 344
533 441
533 659
533 340
533 346
533 479
533 332
532 29
532 165
532 109
532 146
532 239
532 264
532 184
532 133
532 258
532 125
532 295
532 334
532 659
532 489
532 346
532 337
532 332
532 340
532 338
532 493
532 490
531 254
531 244
531 135
531 149
531 448
531 381
531 498
531 119
531 661
531 27
531 11
531 5
531 128
531 312
531 515
531 522
531 319
531 186
531 129
531 2
531 12
531 76
531 497
531 652
531 15
530 11
530 5
530 63
530 224
530 69
530 247
530 265
530 313
529 29
529 89
529 659
529 346
528 254
528 170
528 206
528 135
528 155
528 198
528 5
528 523
528 227
528 221
528 48
528 441
528 218
528 413
528 76
528 497
528 138
528 224
528 220
528 281
527 2
527 5
527 11
527 12
527 48
527 197
527 24
527 56
527 248
527 128
527 63
527 38
527 170
527 142
527 69
527 314
527 424
527 365
527 443
527 661
526 2
526 11
526 3
526 5
526 15
526 56
526 24
526 128
526 27
526 155
526 170
526 106
526 38
526 111
526 69
526 242
526 142
526 228
526 129
526 247
526 254
526 255
526 244
526 100
526 261
526 313
526 314
526 298
526 311
526 315
526 297
526 500
526 523
526 513
526 498
526 448
526 522
526 387
526 497
525 29
525 202
525 259
525 302
525 659
525 346
524 15
524 56
524 76
524 155
524 224
524 69
524 242
524 93
524 269
524 188
524 216
524 281
524 303
524 472
524 402
524 388
524 405
524 663
523 11
523 3
523 5
523 15
523 12
523 56
523 72
523 76
523 119
523 155
523 224
523 38
523 69
523 135
523 198
523 129
523 257
523 306
523 658
523 498
523 413
522 2
522 11
522 3
522 5
522 13
522 15
522 48
522 76
522 72
522 12
522 106
522 128
522 27
522 63
522 56
522 111
522 142
522 216
522 173
522 248
522 257
522 298
522 313
522 314
522 319
522 155
522 170
522 38
522 69
522 135
522 198
522 228
522 129
522 149
522 255
522 197
522 100
522 247
522 244
522 254
522 265
522 261
522 263
522 297
522 315
522 311
522 306
522 304
522 312
522 381
522 473
522 413
522 378
522 387
522 661
522 433
522 658
522 500
522 513
522 515
522 431
522 497
522 472
522 448
521 86
521 151
521 123
521 484
520 170
520 135
520 498
520 248
520 198
520 515
520 472
520 129
520 63
520 33
520 76
520 306
520 405
520 224
520 481
520 652
519 15
519 136
519 344
518 38
518 135
518 188
518 228
518 128
518 504
518 111
518 319
518 218
518 497
518 433
518 281
517 5
517 257
517 138
517 27
517 319
517 254
517 106
517 24
517 69
517 265
517 315
517 387
517 412
517 409
516 5
516 14
516 44
516 308
516 165
516 200
516 70
516 65
516 137
516 232
516 156
516 179
516 90
516 202
516 100
516 258
516 259
516 264
516 305
516 127
516 310
516 438
516 488
516 479
516 501
516 334
516 346
516 340
516 493
516 330
516 469
516 338
516 475
516 342
516 341
516 441
516 344
515 3
515 11
515 2
515 5
515 48
515 304
515 24
515 33
515 12
515 15
515 129
515 111
515 84
515 27
515 69
515 61
515 149
515 170
515 38
515 63
515 100
515 128
515 72
515 76
515 138
515 46
515 255
515 186
515 119
515 106
515 216
515 197
515 257
515 254
515 244
515 248
515 316
515 312
515 319
515 306
515 314
515 409
515 652
515 497
515 387
515 381
515 498
515 431
515 413
515 513
515 661
515 658
514 116
513 254
513 255
513 85
513 170
513 38
513 244
513 135
513 149
513 448
513 381
513 498
513 266
513 248
513 119
513 661
513 27
513 198
513 431
513 11
513 5
513 335
513 100
513 128
513 305
513 111
513 48
513 319
513 441
513 64
513 253
513 316
513 142
513 186
513 129
513 185
513 2
513 1
513 63
513 457
513 12
513 3
513 33
513 492
513 76
513 384
513 49
513 306
513 497
513 433
513 224
513 213
513 481
513 235
513 304
513 652
513 409
513 15
513 314
512 27
512 38
512 315
512 297
512 319
512 433
512 448
511 317
511 661
509 302
508 5
508 224
508 106
508 69
508 129
508 297
508 313
508 387
508 652
508 448
507 29
507 165
507 184
507 264
507 659
507 346
506 129
506 261
506 319
505 5
505 149
505 129
505 448
504 2
504 93
504 303
504 315
504 24
504 155
504 281
504 288
504 319
504 402
504 405
504 658
504 388
503 336
502 248
502 27
502 228
502 5
502 312
502 472
502 319
502 76
502 497
502 652
502 314
501 330
501 125
501 334
501 295
500 254
500 244
500 448
500 381
500 498
500 248
500 661
500 431
500 11
500 5
500 100
500 128
500 305
500 319
500 316
500 129
500 185
500 457
500 12
500 76
500 433
500 304
500 15
499 1
499 241
499 22
499 190
498 2
498 11
498 48
498 5
498 33
498 12
498 318
498 15
498 216
498 27
498 303
498 224
498 170
498 100
498 242
498 93
498 253
498 135
498 269
498 129
498 220
498 261
498 263
498 316
498 313
498 314
498 72
498 24
498 76
498 84
498 38
498 265
498 186
498 119
498 64
498 155
498 106
498 312
498 221
498 257
498 254
498 245
498 218
498 305
498 288
498 297
498 311
498 306
498 319
498 448
498 409
498 497
498 372
498 413
498 433
498 457
498 473
498 431
498 387
498 661
498 658
497 3
497 24
497 48
497 253
497 11
497 15
497 319
497 129
497 170
497 93
497 220
497 56
497 135
497 206
497 244
497 173
497 138
497 298
497 314
497 69
497 76
497 72
497 128
497 84
497 155
497 106
497 142
497 149
497 257
497 254
497 265
497 288
497 312
497 306
497 311
497 315
497 297
497 409
497 412
497 658
497 381
497 473
497 387
497 413
497 472
497 661
496 10
496 29
496 14
496 68
496 70
496 65
496 44
496 137
496 200
496 156
496 90
496 127
496 469
496 488
496 465
496 455
496 475
495 1
495 9
495 121
495 62
495 164
495 204
495 385
494 210
494 213
494 111
494 235
494 384
493 475
493 133
493 146
493 335
493 78
493 109
493 332
492 128
492 387
492 378
492 335
492 491
492 443
491 128
491 119
491 658
491 443
491 474
491 652
490 258
490 340
490 264
490 133
490 146
490 165
490 202
490 335
490 78
490 282
490 109
490 441
490 1
490 308
489 133
489 202
488 469
488 10
488 475
488 44
488 165
488 202
488 156
484 86
483 204
483 121
483 62
483 213
483 266
483 385
482 109
481 15
481 24
481 76
481 56
481 265
481 72
481 27
481 84
481 269
481 206
481 198
481 216
481 220
481 218
481 244
481 254
481 257
481 261
481 288
481 319
481 386
481 413
480 661
480 5
480 144
480 111
480 1
480 315
480 49
480 138
480 409
479 258
479 264
479 330
479 341
479 133
479 165
479 100
479 305
479 232
479 441
479 344
479 438
479 310
479 277
479 308
479 127
478 80
478 29
478 192
478 89
478 178
478 302
478 289
478 329
478 346
478 659
478 336
477 235
477 76
477 49
477 144
477 138
477 294
477 136
477 210
477 224
477 45
477 69
477 185
477 216
476 103
475 14
475 10
475 133
475 44
475 156
475 178
475 70
475 259
475 65
475 137
475 68
475 165
475 202
475 465
475 469
475 338
475 346
475 337
475 455
475 334
475 330
475 329
475 441
475 332
475 328
475 331
474 24
474 267
474 59
474 19
474 76
474 207
474 177
474 201
474 72
474 128
474 63
474 215
474 467
474 452
474 442
474 460
474 441
474 454
474 359
474 430
474 458
474 456
474 451
474 459
474 453
474 400
474 446
474 661
474 658
473 38
473 135
473 448
473 381
473 198
473 11
473 5
473 269
473 48
473 319
473 142
473 186
473 129
473 2
473 12
473 3
473 76
473 306
473 224
473 15
472 24
472 49
472 3
472 13
472 33
472 5
472 72
472 227
472 76
472 144
472 216
472 312
472 198
472 128
472 186
472 84
472 155
472 63
472 224
472 170
472 106
472 38
472 69
472 242
472 93
472 266
472 206
472 129
472 197
472 265
472 281
472 304
472 306
472 288
472 309
472 319
472 318
472 297
472 652
472 378
472 661
472 405
472 658
471 80
471 59
471 31
471 130
471 98
471 79
471 44
471 153
471 147
471 274
471 208
471 234
471 465
471 423
471 420
471 437
471 408
471 466
471 464
471 450
471 458
471 462
470 10
470 61
470 147
470 267
470 420
470 31
470 205
470 292
470 187
470 153
470 460
470 467
470 450
470 203
469 44
469 14
469 10
469 19
469 59
469 137
469 156
469 292
469 70
469 65
469 94
469 207
469 200
469 98
469 208
469 252
469 246
469 203
469 165
469 268
469 465
469 449
469 442
469 441
469 430
469 456
469 461
469 451
469 466
469 421
469 332
469 455
467 19
467 31
467 53
467 177
467 207
467 61
467 292
467 442
467 465
467 421
467 460
467 430
467 459
467 446
467 451
467 452
467 454
467 449
467 359
467 456
467 458
467 453
467 463
467 400
467 462
466 130
466 59
466 19
466 44
466 208
466 207
466 246
466 153
466 31
466 61
466 98
466 291
466 79
466 147
466 177
466 274
466 118
466 292
466 205
466 465
466 451
466 456
466 430
466 459
466 463
466 452
466 464
466 408
466 442
466 437
466 450
466 458
466 421
466 423
466 461
466 449
466 460
466 462
465 10
465 61
465 147
465 44
465 31
465 208
465 205
465 464
465 292
465 187
465 456
465 461
465 234
465 332
465 462
465 156
465 246
464 274
464 59
464 98
464 44
464 153
464 79
464 147
464 94
464 205
464 291
464 231
464 420
464 463
464 462
463 10
463 61
463 147
463 420
463 31
463 207
463 437
463 19
463 208
463 205
463 292
463 130
463 187
463 450
463 452
463 203
463 246
462 31
462 292
462 10
462 59
462 79
462 147
462 44
462 153
462 118
462 130
462 274
462 205
462 234
462 291
462 359
462 421
462 350
462 408
462 451
462 452
462 454
462 437
462 459
462 450
462 458
462 456
462 423
462 461
461 19
461 59
461 31
461 61
461 98
461 44
461 79
461 153
461 115
461 147
461 274
461 234
461 252
461 421
461 449
461 359
461 400
460 72
460 205
460 76
460 19
460 246
460 274
460 39
460 130
460 31
460 177
460 94
460 201
460 207
460 147
460 442
460 430
460 446
460 456
460 459
460 452
460 451
460 454
460 421
460 458
460 453
459 147
459 19
459 39
459 207
459 177
459 252
459 246
459 31
459 94
459 292
459 130
459 359
459 451
459 442
459 454
459 452
459 430
459 400
459 350
459 421
459 458
459 453
459 449
459 456
459 446
458 454
458 446
458 31
458 207
458 19
458 201
458 451
458 456
458 450
458 452
458 359
458 430
458 453
458 177
457 11
457 3
457 12
457 319
457 15
457 48
457 306
457 129
457 64
457 244
457 186
457 312
457 170
457 254
457 255
457 247
457 100
457 261
457 311
457 298
457 314
457 305
457 316
457 297
457 387
457 652
457 658
457 433
456 19
456 79
456 59
456 246
456 130
456 207
456 177
456 94
456 98
456 201
456 291
456 39
456 359
456 350
456 442
456 451
456 446
456 430
456 423
456 452
456 453
456 449
456 400
456 422
455 10
455 44
455 438
455 156
455 127
454 19
454 59
454 207
454 177
454 201
454 72
454 39
454 442
454 430
454 452
454 359
454 453
454 449
454 400
454 350
454 446
453 39
453 177
453 207
453 19
453 246
453 201
453 130
453 452
453 442
453 359
453 430
453 451
453 400
453 446
452 292
452 19
452 44
452 207
452 72
452 147
452 177
452 39
452 201
452 246
452 130
452 359
452 421
452 442
452 430
452 350
452 408
452 451
452 400
452 446
451 19
451 207
451 59
451 153
451 246
451 39
451 177
451 201
451 147
451 350
451 442
451 359
451 430
451 449
451 400
451 446
450 10
450 31
450 61
450 153
450 147
450 94
450 267
450 203
450 205
450 420
450 423
450 449
449 61
449 147
449 44
449 267
449 446
449 420
449 31
449 207
449 19
449 208
449 205
449 350
449 292
449 130
449 187
449 359
449 430
449 203
449 246
449 177
448 2
448 11
448 12
448 5
448 13
448 15
448 33
448 27
448 56
448 170
448 93
448 253
448 135
448 228
448 129
448 100
448 197
448 244
448 263
448 261
448 313
448 316
448 314
448 24
448 76
448 128
448 119
448 64
448 106
448 111
448 38
448 69
448 142
448 216
448 245
448 254
448 247
448 265
448 305
448 306
448 319
448 297
448 311
448 312
448 412
448 372
448 387
448 431
448 433
448 661
448 652
448 658
447 1
447 237
447 102
447 195
447 444
446 19
446 130
446 59
446 252
446 207
446 177
446 94
446 205
446 201
446 246
446 359
446 442
446 346
446 430
445 61
445 233
445 81
445 379
445 161
444 102
444 195
444 141
443 15
443 119
442 39
442 147
442 31
442 207
442 19
442 205
442 130
442 153
442 430
442 246
442 177
441 27
441 84
441 14
441 72
441 224
441 70
441 127
441 15
441 318
441 259
441 126
441 76
441 216
441 34
441 69
441 68
441 165
441 135
441 198
441 179
441 90
441 257
441 254
441 317
441 310
441 300
441 308
441 332
441 344
441 341
441 331
441 346
441 413
440 426
440 10
440 415
440 251
440 30
440 207
440 66
440 158
440 160
440 42
440 211
440 60
440 162
440 28
440 272
440 410
440 159
439 10
439 42
439 20
439 66
439 162
439 53
439 14
439 60
439 207
439 143
439 251
439 283
439 30
439 158
439 159
439 211
439 273
439 272
439 225
439 287
439 290
439 285
439 410
439 398
439 434
439 403
439 432
439 399
439 664
438 10
438 14
438 200
438 70
438 65
438 137
438 165
438 156
438 179
438 308
438 344
438 345
437 59
437 208
437 147
437 31
437 79
437 153
437 44
437 274
437 98
437 246
437 408
436 151
436 418
436 174
436 86
436 1
435 185
435 1
435 384
435 49
435 138
435 213
434 10
434 251
434 207
434 66
434 158
434 42
434 398
434 211
434 162
434 273
434 272
434 410
434 290
434 159
433 253
433 11
433 3
433 5
433 311
433 64
433 12
433 248
433 128
433 138
433 56
433 216
433 173
433 314
433 319
433 313
433 24
433 100
433 27
433 312
433 186
433 106
433 38
433 305
433 69
433 135
433 129
433 244
433 247
433 254
433 255
433 265
433 263
433 304
433 297
433 316
433 298
433 315
433 306
433 387
433 372
433 661
433 658
433 431
432 10
432 30
432 419
432 207
432 66
432 158
432 42
432 398
432 211
432 60
432 162
432 273
432 410
432 290
431 2
431 11
431 12
431 64
431 48
431 15
431 27
431 319
431 72
431 265
431 316
431 216
431 311
431 297
431 298
431 56
431 186
431 253
431 128
431 106
431 255
431 306
431 119
431 69
431 257
431 129
431 254
431 244
431 100
431 314
431 312
431 305
431 372
431 387
431 658
431 661
430 79
430 19
430 31
430 59
430 72
430 39
430 252
430 207
430 208
430 177
430 201
430 291
430 98
430 231
430 246
430 350
430 359
430 400
430 422
429 132
429 171
429 375
429 284
429 214
429 6
429 148
429 1
429 209
429 396
429 212
428 1
428 141
428 139
428 102
428 665
426 30
426 66
426 60
426 251
426 414
426 415
425 20
425 30
425 14
425 28
425 207
425 66
425 53
425 42
425 60
425 160
425 159
425 143
425 272
425 273
425 162
425 225
425 251
425 283
425 287
425 286
425 357
425 415
425 399
425 419
425 414
424 254
424 170
424 38
424 365
424 248
424 661
424 11
424 5
424 48
424 2
424 12
424 3
423 147
423 31
423 208
423 153
423 234
423 246
422 59
422 79
422 31
422 98
422 153
422 147
422 208
422 291
422 421
422 420
421 10
421 147
421 44
421 420
421 31
421 187
421 234
420 79
420 252
420 10
420 130
420 94
420 59
420 31
420 61
420 98
420 208
420 205
420 187
420 203
420 291
420 292
419 30
419 143
419 14
419 290
419 225
419 42
419 158
419 28
419 20
419 66
419 287
419 45
419 272
419 283
419 403
418 1
418 86
418 271
417 132
417 151
417 375
417 191
417 214
417 6
417 148
417 1
417 209
417 396
417 212
416 307
416 46
415 20
415 28
415 30
415 159
415 66
415 53
415 14
415 60
415 160
415 251
415 273
415 272
415 225
415 414
415 357
414 30
414 66
414 160
414 398
414 273
414 28
413 2
413 319
413 173
413 33
413 224
413 27
413 84
413 248
413 72
413 220
413 76
413 253
413 257
413 24
413 111
413 106
413 216
413 93
413 188
413 170
413 265
413 69
413 206
413 261
413 661
413 378
413 658
413 384
412 38
412 293
412 266
412 661
412 48
412 2
412 315
412 138
412 409
412 141
411 211
411 161
411 143
411 403
411 406
410 10
410 290
410 66
410 53
410 60
410 207
410 143
410 211
410 272
410 162
410 285
410 283
410 30
410 42
410 158
410 159
410 273
410 225
410 287
410 398
410 399
410 403
410 664
409 24
409 48
409 5
409 266
409 155
409 319
409 269
409 309
409 138
409 76
409 129
409 313
409 106
409 128
409 213
409 227
409 111
409 38
409 69
409 242
409 185
409 221
409 247
409 315
409 661
409 381
409 658
408 147
408 31
408 208
408 246
405 14
405 12
405 45
405 303
405 188
405 200
405 206
405 269
405 242
405 93
405 129
405 265
405 281
405 106
405 38
405 216
405 317
405 289
405 319
405 288
405 309
405 402
405 330
405 658
405 336
405 388
405 661
403 10
403 251
403 30
403 207
403 66
403 158
403 42
403 398
403 211
403 60
403 162
403 28
403 290
403 159
402 155
402 388
402 138
402 281
401 280
401 23
401 107
401 36
401 73
401 88
401 82
401 176
401 182
401 282
401 124
401 279
401 382
401 363
401 377
401 394
401 380
401 391
401 370
401 390
400 207
400 231
400 359
400 350
399 10
399 251
399 30
399 207
399 66
399 158
399 42
399 398
399 211
399 162
399 273
399 28
399 272
399 290
399 159
398 211
398 10
398 20
398 42
398 60
398 159
398 14
398 162
398 66
398 53
398 290
398 207
398 143
398 272
398 251
398 285
398 283
398 30
398 273
398 225
398 158
398 286
398 287
398 664
396 8
396 148
396 132
396 166
396 191
396 209
396 212
396 214
396 284
395 70
395 68
395 200
395 90
395 281
395 318
395 30
395 63
395 227
395 34
395 168
395 197
395 254
395 255
395 126
395 300
395 127
395 388
395 666
394 82
394 278
394 23
394 88
394 107
394 37
394 36
394 249
394 279
394 124
394 73
394 282
394 370
394 366
394 391
394 362
394 382
394 390
394 380
394 363
394 389
394 383
393 367
391 82
391 23
391 107
391 108
391 249
391 37
391 36
391 124
391 279
391 88
391 73
391 278
391 280
391 282
391 362
391 370
391 390
391 366
391 382
391 380
391 363
391 377
391 374
391 389
391 383
390 23
390 108
390 107
390 82
390 37
390 249
390 36
390 279
390 124
390 176
390 182
390 88
390 73
390 278
390 280
390 282
390 370
390 363
390 362
390 382
390 380
390 366
390 377
390 374
390 383
390 389
390 369
389 279
389 82
389 124
389 88
389 182
389 282
389 366
389 23
389 37
389 383
389 36
388 155
388 24
388 138
388 72
388 58
388 150
388 303
388 224
388 242
388 93
388 206
388 188
388 257
388 221
388 288
388 281
388 666
387 254
387 255
387 170
387 38
387 206
387 244
387 149
387 661
387 27
387 198
387 11
387 5
387 100
387 128
387 312
387 305
387 48
387 319
387 64
387 253
387 316
387 142
387 129
387 63
387 12
387 315
387 33
387 76
387 306
387 138
387 304
387 652
387 220
387 15
387 314
386 84
386 56
386 76
386 216
386 72
386 257
386 224
386 218
385 204
385 62
385 121
385 71
385 1
384 1
384 188
384 235
384 266
384 144
384 49
384 136
384 210
384 213
383 23
383 108
383 176
383 37
383 36
383 88
383 82
383 278
383 280
383 279
383 124
383 282
383 370
383 380
383 382
383 377
383 366
382 23
382 280
382 36
382 107
382 124
382 249
382 82
382 182
382 279
382 88
382 282
382 370
382 380
382 362
382 366
381 15
381 56
381 253
381 216
381 248
381 235
381 173
381 309
381 319
381 24
381 138
381 144
381 170
381 69
381 143
381 266
381 197
381 261
381 298
381 312
381 288
381 365
380 23
380 108
380 82
380 176
380 36
380 182
380 279
380 88
380 280
380 278
380 282
380 370
380 377
380 366
380 369
379 81
379 61
379 161
379 233
378 255
378 206
378 244
378 135
378 248
378 155
378 27
378 198
378 228
378 128
378 227
378 221
378 48
378 218
378 33
378 76
378 306
378 138
378 224
378 220
378 15
378 314
377 108
377 23
377 82
377 36
377 176
377 124
377 278
377 279
377 370
377 366
376 32
376 5
376 2
376 3
375 6
375 8
375 214
375 194
375 209
375 212
374 23
374 107
374 37
374 36
374 88
374 82
374 279
374 124
374 282
374 363
374 366
374 370
373 354
373 276
373 2
373 12
372 48
372 2
372 11
372 128
372 64
372 311
372 76
372 265
372 312
372 253
372 138
372 27
372 255
372 100
372 315
372 316
372 306
372 298
372 305
372 661
372 658
371 122
371 54
371 55
371 275
371 180
371 175
371 189
371 83
371 43
371 353
371 323
371 16
371 222
371 321
371 250
371 77
371 101
371 277
371 324
371 46
371 50
371 99
371 117
371 25
371 17
371 114
370 366
370 23
370 82
370 108
370 279
370 176
370 36
370 107
370 249
370 124
370 182
370 88
370 280
370 282
370 363
370 362
369 23
369 82
369 36
369 88
369 182
369 280
369 124
369 279
369 282
368 122
368 54
368 180
368 189
368 83
368 43
368 77
368 327
368 67
368 46
368 50
368 110
368 348
366 23
366 279
366 82
366 176
366 88
366 282
366 124
366 249
366 37
366 36
366 182
366 363
365 2
365 197
365 5
365 12
365 38
365 248
365 170
364 292
364 41
363 23
363 108
363 107
363 182
363 36
363 230
363 88
363 82
363 282
363 124
363 362
362 23
362 107
362 36
362 82
362 279
362 124
362 88
361 271
359 19
359 39
359 207
359 177
359 187
359 201
359 231
359 252
358 54
358 21
358 353
358 35
358 250
358 77
358 105
358 277
358 0
358 46
358 51
358 355
358 110
358 99
358 26
358 347
358 25
358 348
358 17
358 114
357 20
357 28
357 53
357 60
357 160
357 159
357 272
356 86
356 151
355 0
355 35
355 4
355 17
355 25
355 77
355 50
355 54
355 52
355 104
355 21
355 46
355 169
355 105
355 110
355 168
355 122
355 277
355 353
355 322
354 2
354 12
354 276
353 4
353 17
353 18
353 175
353 52
353 114
353 43
353 21
353 77
353 46
353 54
353 99
353 96
353 95
353 40
353 104
353 105
353 110
353 50
353 240
353 250
353 180
353 189
353 270
353 120
353 275
353 122
353 327
353 326
353 323
353 348
353 325
353 352
353 322
353 320
352 0
352 77
352 52
352 25
352 21
352 18
352 74
352 54
352 51
352 50
352 348
352 46
352 105
352 240
352 322
352 325
352 351
351 0
351 21
351 77
351 348
350 19
350 207
350 59
350 246
350 94
350 187
349 131
348 0
348 35
348 18
348 77
348 99
348 21
348 240
348 189
348 52
348 51
348 46
348 105
348 175
348 110
348 113
348 120
348 347
348 322
348 325
347 51
347 0
347 77
347 35
347 21
347 240
347 110
347 99
347 104
347 105
347 250
347 322
347 325
346 258
346 340
346 264
346 330
346 133
346 260
346 146
346 165
346 202
346 78
346 109
346 89
346 295
346 605
345 255
345 196
345 330
344 15
344 14
344 232
344 308
344 65
344 310
344 179
344 136
344 245
344 90
344 127
344 200
344 137
344 305
344 342
344 341
343 116
342 330
342 341
342 100
342 305
342 310
341 313
341 90
341 253
341 311
341 200
341 14
341 312
341 100
341 127
341 179
341 228
341 247
341 314
341 310
341 305
341 330
340 165
340 29
340 202
340 78
340 14
340 146
340 137
340 308
340 156
340 133
340 184
340 178
340 258
340 260
340 264
340 302
340 329
340 338
340 328
340 333
340 659
339 126
338 264
338 330
338 133
338 146
338 202
338 335
338 78
338 109
338 332
337 258
337 264
337 133
337 146
337 202
337 335
337 78
337 109
337 76
337 332
336 296
336 45
336 192
336 329
335 78
335 184
335 146
335 128
335 178
335 264
335 328
335 332
334 295
334 125
333 14
333 29
333 165
333 156
333 296
333 264
332 34
332 44
332 109
332 78
332 14
332 259
332 146
332 156
332 296
332 178
332 289
332 329
332 330
332 331
332 659
331 330
331 146
330 14
330 200
330 100
330 146
330 44
330 133
330 202
330 259
330 295
330 297
329 45
329 264
329 289
328 264
328 133
328 146
328 109
327 50
327 40
327 57
327 117
327 77
327 16
327 54
327 74
327 180
327 87
327 99
327 113
327 67
327 189
327 26
327 222
327 250
327 83
327 275
327 324
327 323
327 326
326 122
326 54
326 55
326 275
326 180
326 189
326 83
326 35
326 323
326 222
326 321
326 101
326 67
326 324
326 50
326 26
325 21
325 35
325 77
325 105
325 0
325 46
325 51
325 110
325 99
325 114
324 117
324 4
324 26
324 57
324 16
324 74
324 52
324 113
324 54
324 87
324 67
324 122
324 77
324 83
324 222
324 180
324 250
324 189
324 275
324 321
323 40
323 4
323 50
323 117
323 18
323 16
323 74
323 114
323 54
323 99
323 270
323 95
323 120
323 75
323 101
323 134
323 77
323 26
323 96
323 175
323 110
323 57
323 320
322 122
322 54
322 21
322 180
322 189
322 35
322 250
322 77
322 105
322 101
322 277
322 0
322 46
322 50
322 51
322 110
322 99
322 26
322 117
322 25
322 17
322 114
321 134
321 4
321 101
321 104
321 87
321 55
321 92
321 189
321 180
321 175
321 250
321 54
321 83
321 222
321 275
320 134
320 175
320 270
320 189
320 83
320 35
320 101
320 67
320 277
320 40
320 46
320 50
320 99
320 26
320 120
320 17
320 114
319 1
319 24
319 13
319 48
319 3
319 15
319 298
319 2
319 253
319 318
319 216
319 12
319 72
319 27
319 235
319 269
319 266
319 248
319 311
319 220
319 5
319 257
319 23
319 56
319 76
319 138
319 128
319 186
319 63
319 136
319 210
319 213
319 144
319 84
319 155
319 224
319 170
319 106
319 227
319 45
319 38
319 69
319 242
319 93
319 142
319 198
319 206
319 149
319 129
319 197
319 244
319 245
319 254
319 173
319 255
319 261
319 303
319 306
319 313
319 304
319 293
319 314
319 316
319 315
319 317
319 309
319 297
319 288
319 312
319 652
319 661
319 658
318 170
318 661
318 5
318 100
318 312
318 300
318 316
318 218
318 63
318 12
318 33
318 76
318 306
318 224
318 314
318 127
317 1
317 3
317 56
317 247
317 111
317 49
317 213
317 70
317 170
317 266
317 235
317 298
317 315
317 661
316 2
316 48
316 3
316 12
316 263
316 11
316 72
316 13
316 5
316 253
316 24
316 84
316 27
316 315
316 247
316 170
316 135
316 106
316 206
316 129
316 197
316 244
316 100
316 298
316 313
316 314
316 198
316 76
316 128
316 138
316 186
316 63
316 119
316 215
316 64
316 227
316 38
316 69
316 142
316 149
316 254
316 305
316 297
316 306
316 312
316 293
316 658
316 661
315 2
315 3
315 24
315 5
315 311
315 93
315 186
315 56
315 185
315 265
315 306
315 297
315 76
315 309
315 242
315 254
315 63
315 253
315 155
315 170
315 106
315 227
315 111
315 69
315 298
315 129
315 100
315 247
315 255
315 305
315 313
315 314
315 312
315 303
315 658
315 661
314 2
314 3
314 11
314 5
314 12
314 15
314 48
314 33
314 76
314 27
314 128
314 63
314 170
314 253
314 142
314 129
314 228
314 244
314 197
314 248
314 100
314 173
314 255
314 261
314 313
314 298
314 24
314 186
314 64
314 155
314 106
314 111
314 38
314 297
314 312
314 69
314 149
314 254
314 247
314 265
314 306
314 311
314 304
314 305
314 658
314 661
313 254
313 255
313 170
313 38
313 244
313 135
313 149
313 248
313 119
313 155
313 661
313 27
313 228
313 11
313 5
313 100
313 128
313 312
313 227
313 221
313 111
313 48
313 64
313 253
313 142
313 186
313 129
313 310
313 2
313 63
313 12
313 3
313 13
313 33
313 76
313 306
313 245
313 224
313 304
313 652
313 15
312 253
312 100
312 64
312 24
312 3
312 306
312 2
312 5
312 255
312 13
312 244
312 12
312 11
312 263
312 27
312 48
312 311
312 15
312 297
312 149
312 106
312 56
312 247
312 38
312 254
312 186
312 288
312 142
312 298
312 170
312 69
312 216
312 135
312 129
312 173
312 304
312 305
312 661
312 658
311 254
311 255
311 170
311 38
311 244
311 173
311 149
311 248
311 661
311 5
311 100
311 128
311 227
311 305
311 253
311 186
311 129
311 2
311 12
311 3
311 76
311 304
311 652
311 15
310 232
310 90
310 308
310 200
310 179
310 70
310 228
310 100
310 127
310 305
309 85
309 206
309 266
309 661
309 239
309 269
309 227
309 144
309 129
309 2
309 1
309 33
308 232
308 179
308 165
308 14
308 196
308 70
308 200
308 127
308 264
306 253
306 2
306 11
306 3
306 5
306 24
306 84
306 128
306 106
306 228
306 13
306 129
306 12
306 27
306 186
306 197
306 255
306 72
306 48
306 135
306 247
306 297
306 76
306 155
306 63
306 254
306 215
306 224
306 227
306 269
306 38
306 142
306 198
306 149
306 220
306 244
306 100
306 261
306 298
306 305
306 652
306 661
306 658
305 11
305 100
305 12
305 149
305 129
305 90
305 253
305 64
305 142
305 179
305 244
305 255
305 254
305 297
305 298
305 652
305 658
304 2
304 3
304 5
304 27
304 15
304 13
304 129
304 12
304 56
304 170
304 38
304 69
304 198
304 149
304 24
304 128
304 186
304 63
304 224
304 106
304 227
304 253
304 142
304 216
304 220
304 244
304 248
304 254
304 247
304 265
304 297
304 298
304 652
304 661
303 155
303 11
303 5
303 269
303 129
303 185
303 2
303 138
303 281
302 264
302 133
302 260
302 165
302 202
302 78
302 89
302 172
300 3
300 5
300 200
300 68
300 90
300 127
300 70
300 268
300 188
300 254
300 126
299 88
299 126
298 254
298 255
298 170
298 38
298 244
298 135
298 149
298 266
298 248
298 155
298 661
298 27
298 11
298 5
298 100
298 128
298 227
298 144
298 111
298 48
298 253
298 142
298 186
298 129
298 2
298 63
298 12
298 3
298 76
298 652
298 15
297 254
297 170
297 38
297 244
297 135
297 248
297 661
297 27
297 198
297 11
297 5
297 100
297 128
297 111
297 48
297 253
297 142
297 186
297 129
297 2
297 12
297 13
297 33
297 76
297 652
297 15
296 264
296 133
296 202
296 289
296 295
295 29
295 80
295 125
295 659
294 266
294 136
294 144
294 210
294 185
294 1
294 49
294 213
294 235
293 3
293 173
293 254
292 10
292 147
292 173
292 53
292 79
292 59
292 31
292 187
292 130
292 94
292 252
292 205
291 147
291 44
291 231
291 31
291 208
291 205
291 187
291 234
290 143
290 211
290 10
290 42
290 20
290 287
290 158
290 162
290 14
290 285
290 272
290 30
290 66
290 251
290 159
290 286
290 60
290 53
290 207
290 225
290 273
290 283
290 664
289 80
289 192
289 659
288 254
288 170
288 206
288 58
288 45
288 188
288 266
288 155
288 100
288 269
288 221
288 144
288 48
288 253
288 129
288 150
288 2
288 33
288 76
288 138
288 224
288 652
288 281
287 286
287 251
287 30
287 207
287 66
287 158
287 160
287 42
287 211
287 60
287 162
287 273
287 28
287 272
287 159
286 10
286 30
286 14
286 28
286 162
286 66
286 60
286 207
286 273
286 225
285 30
285 158
285 42
285 211
285 162
285 272
285 159
284 1
284 8
284 7
284 214
284 148
284 209
284 271
284 132
284 212
284 171
283 10
283 251
283 30
283 207
283 66
283 158
283 42
283 211
283 162
283 272
283 159
282 23
282 82
282 107
282 88
282 176
282 182
282 73
282 36
282 249
282 280
282 124
282 279
281 24
281 93
281 58
281 138
281 38
281 242
281 150
281 135
281 269
281 188
281 216
281 247
281 658
280 279
280 82
280 124
280 88
280 182
280 23
280 176
280 36
279 82
279 23
279 176
279 108
279 124
279 107
279 249
279 36
279 182
279 73
279 230
279 88
278 82
278 23
278 124
277 0
277 17
277 25
277 43
277 189
277 52
277 77
277 180
277 46
277 54
277 83
277 169
277 104
277 110
277 113
277 55
277 168
277 122
276 2
276 5
276 12
275 4
275 17
275 35
275 54
275 74
275 110
275 92
275 50
275 250
275 57
275 101
275 122
275 91
274 258
274 10
274 147
274 44
274 31
274 207
274 205
274 153
274 234
273 10
273 14
273 28
273 30
273 66
273 53
273 42
273 60
273 207
273 160
273 159
273 143
273 272
273 162
273 158
273 225
273 251
272 211
272 60
272 10
272 20
272 42
272 159
272 14
272 162
272 66
272 28
272 30
272 158
272 53
272 251
272 207
272 160
272 143
272 225
272 664
271 2
271 5
271 47
271 131
271 132
271 166
271 140
270 18
270 114
270 99
270 175
269 2
269 188
269 3
269 5
269 33
269 48
269 93
269 138
269 45
269 24
269 242
269 206
269 129
269 72
269 84
269 155
269 227
269 216
269 221
269 245
269 257
269 658
269 661
268 232
268 11
268 24
268 85
268 224
267 10
267 31
267 203
267 147
267 94
267 61
267 187
267 130
267 205
267 252
266 144
266 49
266 111
266 85
266 221
266 155
266 224
266 76
266 235
266 239
266 185
266 136
266 213
266 70
266 45
266 69
266 658
265 254
265 255
265 170
265 38
265 206
265 58
265 45
265 135
265 155
265 661
265 198
265 228
265 5
265 100
265 128
265 221
265 253
265 186
265 129
265 1
265 218
265 33
265 76
265 245
265 138
265 224
265 652
265 15
264 165
264 29
264 172
264 78
264 156
264 260
264 178
264 146
264 202
264 137
264 184
264 258
264 659
263 254
263 255
263 38
263 135
263 661
263 253
263 186
263 129
263 2
263 12
263 33
263 76
263 224
263 15
262 135
262 198
262 11
262 5
262 48
262 12
262 76
262 138
261 254
261 255
261 170
261 38
261 206
261 248
261 155
261 27
261 5
261 128
261 227
261 111
261 48
261 186
261 129
261 2
261 12
261 3
261 76
261 224
261 652
261 15
260 202
260 29
260 78
260 184
260 133
260 165
260 258
259 258
259 133
259 165
259 202
259 100
259 109
259 253
259 172
258 29
258 165
258 184
258 133
258 196
258 659
257 254
257 255
257 170
257 38
257 206
257 244
257 58
257 135
257 149
257 119
257 155
257 661
257 27
257 198
257 228
257 11
257 5
257 128
257 221
257 48
257 253
257 142
257 129
257 2
257 218
257 33
257 76
257 138
257 224
257 220
257 15
256 1
255 5
255 3
255 253
255 254
255 48
255 2
255 27
255 72
255 15
255 12
255 11
255 128
255 100
255 200
255 38
255 76
255 170
255 244
255 33
255 106
255 135
255 129
255 186
255 149
255 63
255 247
255 227
255 69
255 661
255 658
254 24
254 3
254 2
254 48
254 5
254 15
254 27
254 11
254 253
254 72
254 33
254 70
254 244
254 200
254 12
254 76
254 119
254 198
254 38
254 106
254 135
254 68
254 93
254 111
254 84
254 170
254 128
254 186
254 155
254 69
254 129
254 149
254 90
254 173
254 197
254 100
254 247
254 652
254 658
254 661
253 100
253 48
253 64
253 15
253 76
253 3
253 27
253 5
253 12
253 138
253 216
253 248
253 128
253 63
253 56
253 129
253 244
253 186
253 170
253 106
253 111
253 38
253 247
253 652
253 661
253 658
252 10
252 61
252 147
252 44
252 31
252 208
252 205
252 130
252 187
252 234
252 203
251 14
251 60
251 30
251 211
251 20
251 143
251 10
251 225
251 66
251 28
251 162
251 53
251 207
251 158
251 42
251 159
250 4
250 35
250 92
250 52
250 21
250 77
250 104
250 54
250 26
250 169
250 110
250 50
250 114
250 180
250 74
250 67
250 83
250 189
250 87
250 101
249 82
249 124
249 88
249 182
249 23
249 230
249 37
249 176
249 36
248 197
248 64
248 24
248 72
248 12
248 27
248 106
248 220
248 56
248 224
248 206
248 129
248 100
248 652
248 247
247 170
247 38
247 244
247 149
247 32
247 119
247 661
247 27
247 228
247 11
247 5
247 100
247 48
247 64
247 142
247 186
247 129
247 2
247 63
247 12
247 3
247 13
247 245
247 652
247 15
246 208
246 19
246 59
246 207
246 98
246 147
246 94
246 234
246 130
245 5
245 2
245 48
245 24
245 11
245 111
245 15
245 84
245 216
245 12
245 76
245 155
245 128
245 119
245 186
245 142
245 170
245 38
245 69
245 242
245 135
245 129
245 661
244 24
244 2
244 3
244 5
244 13
244 15
244 12
244 106
244 48
244 224
244 27
244 128
244 58
244 170
244 135
244 63
244 129
244 197
244 100
244 76
244 142
244 216
244 149
244 119
244 38
244 69
244 652
244 658
244 661
243 170
243 38
243 661
243 5
243 48
243 186
243 2
243 63
243 3
243 13
243 217
242 85
242 206
242 45
242 135
242 188
242 155
242 128
242 227
242 111
242 129
242 2
242 3
242 33
242 76
242 652
242 15
241 190
240 122
240 21
240 77
240 105
240 101
240 0
240 46
240 51
240 25
240 17
239 155
239 198
239 213
239 85
239 138
239 221
238 109
237 102
237 210
237 1
237 195
237 213
235 144
235 1
235 49
235 213
235 136
235 195
235 210
235 150
235 185
234 59
234 44
234 31
234 98
234 79
234 153
234 115
234 147
234 208
234 205
233 61
233 81
233 161
232 179
232 90
232 127
231 94
231 207
231 187
230 23
229 14
229 66
229 10
229 20
228 220
228 27
228 11
228 24
228 76
228 12
228 198
228 155
228 197
228 138
228 106
228 227
228 38
228 661
228 658
227 2
227 11
227 3
227 5
227 33
227 24
227 13
227 12
227 197
227 76
227 128
227 186
227 63
227 119
227 38
227 69
227 198
227 188
227 129
227 206
227 149
227 220
227 173
227 652
227 661
227 658
226 1
226 154
226 193
225 207
225 66
225 158
225 160
225 42
225 211
225 60
225 162
225 28
225 159
224 1
224 6
224 2
224 85
224 5
224 76
224 13
224 72
224 12
224 33
224 24
224 56
224 48
224 135
224 206
224 220
224 197
224 128
224 155
224 63
224 84
224 218
224 38
224 69
224 198
224 216
224 658
224 661
223 2
223 48
223 157
222 16
222 74
222 87
222 57
222 50
222 117
222 95
222 54
222 26
222 67
222 189
221 2
221 138
221 5
221 173
221 213
221 58
221 24
221 85
221 56
221 70
221 197
221 72
221 185
221 198
221 170
221 45
221 69
221 150
221 206
221 661
220 84
220 33
220 11
220 198
220 56
220 85
220 197
220 138
220 93
220 173
220 652
220 658
219 204
219 62
219 121
219 71
219 1
218 2
218 56
218 85
218 24
218 72
218 76
218 84
218 135
218 216
218 197
217 2
217 5
217 13
217 63
216 170
216 38
216 206
216 135
216 149
216 119
216 155
216 661
216 27
216 198
216 5
216 128
216 129
216 2
216 1
216 12
216 13
216 76
216 138
216 213
216 652
216 15
215 11
214 1
214 6
214 8
214 7
214 209
214 194
214 166
214 148
214 132
214 212
214 191
214 171
213 1
213 85
213 12
213 49
213 138
213 102
213 195
213 136
213 210
213 144
213 155
213 185
212 1
212 7
212 8
212 6
212 209
212 132
212 166
212 191
212 148
212 194
211 10
211 20
211 14
211 159
211 30
211 66
211 42
211 162
211 161
211 158
211 60
211 53
211 207
211 143
211 664
210 1
210 136
210 49
210 144
209 1
209 6
209 8
209 7
209 132
209 166
209 191
209 171
208 19
208 31
208 115
208 79
208 44
208 147
208 98
207 19
207 10
207 20
207 42
207 66
207 28
207 14
207 53
207 59
207 31
207 60
207 162
207 177
207 143
207 201
207 30
207 159
207 158
207 664
206 3
206 2
206 155
206 111
206 33
206 72
206 76
206 93
206 84
206 24
206 198
206 56
206 170
206 138
206 129
206 45
206 173
206 69
206 652
206 658
205 10
205 31
205 72
205 61
205 98
205 44
205 153
205 147
205 187
205 177
205 94
205 203
204 121
204 1
204 71
204 62
204 9
204 164
203 10
203 94
203 44
203 70
203 187
202 165
202 29
202 184
202 78
202 14
202 172
202 196
202 70
202 65
202 68
202 156
202 133
202 659
201 19
201 72
201 177
200 30
200 111
200 156
200 126
200 127
198 1
198 13
198 3
198 33
198 84
198 58
198 24
198 155
198 72
198 135
198 76
198 38
198 150
198 138
198 27
198 56
198 170
198 69
198 129
198 128
198 106
198 197
198 652
198 658
197 170
197 38
197 173
197 135
197 155
197 661
197 27
197 11
197 5
197 128
197 48
197 142
197 186
197 129
197 2
197 63
197 12
197 3
197 33
197 138
197 652
197 15
196 165
196 605
195 1
195 102
195 62
195 121
195 71
195 139
195 141
194 6
194 148
194 1
193 154
192 89
191 8
191 1
191 166
191 132
191 148
190 1
190 22
189 43
189 35
189 180
189 17
189 74
189 25
189 54
189 4
189 99
189 67
189 113
189 104
189 117
189 110
189 96
189 55
189 57
189 122
189 46
189 175
189 92
189 169
189 87
189 26
189 83
189 40
189 101
189 168
188 5
188 93
188 24
188 58
188 45
188 150
187 10
187 61
187 98
187 44
187 147
187 94
187 130
186 5
186 13
186 48
186 2
186 32
186 64
186 3
186 11
186 15
186 142
186 24
186 12
186 106
186 27
186 119
186 155
186 38
186 170
186 63
186 69
186 149
186 129
186 100
186 661
186 658
185 1
185 144
185 49
185 138
185 85
185 111
184 133
184 165
184 78
184 172
184 605
183 82
182 23
182 107
182 37
182 36
182 82
182 176
182 124
182 73
182 88
181 54
181 16
181 77
181 67
181 50
181 26
181 117
180 43
180 4
180 52
180 50
180 87
180 40
180 77
180 54
180 113
180 74
180 55
180 83
180 169
180 57
180 101
180 122
180 666
179 100
179 127
178 45
178 133
178 78
178 109
177 39
177 19
177 61
176 23
176 82
176 108
176 124
176 36
176 88
175 77
175 35
175 99
175 120
175 18
175 96
175 95
175 54
175 50
175 110
175 21
175 52
175 67
175 43
175 101
175 92
174 1
174 86
174 151
173 2
173 3
173 24
173 27
173 170
173 106
173 69
173 129
173 661
173 652
173 658
172 165
171 7
170 38
170 2
170 3
170 48
170 11
170 33
170 5
170 12
170 13
170 15
170 27
170 69
170 93
170 129
170 72
170 24
170 76
170 138
170 128
170 32
170 84
170 63
170 119
170 106
170 64
170 155
170 142
170 661
170 658
170 652
169 54
169 83
169 43
169 35
169 105
169 0
169 46
169 110
169 99
169 25
169 17
168 122
168 54
168 21
168 77
168 0
168 46
168 110
168 25
167 1
167 86
167 151
167 34
166 132
166 6
166 148
166 1
165 34
165 78
165 29
165 14
165 70
165 156
165 65
165 133
165 659
164 1
164 62
164 121
163 11
163 13
162 10
162 20
162 14
162 28
162 30
162 66
162 53
162 60
162 42
162 160
162 159
162 143
162 158
162 664
161 81
161 61
160 30
160 20
160 14
160 66
160 60
160 159
159 60
159 20
159 10
159 28
159 53
159 158
159 42
159 30
159 66
159 14
159 143
159 664
159 667
158 10
158 42
158 20
158 30
158 14
158 28
158 66
158 53
158 60
158 143
158 664
158 667
157 2
156 70
156 10
156 14
156 65
156 44
156 137
156 34
156 68
155 1
155 2
155 5
155 33
155 24
155 76
155 58
155 15
155 27
155 56
155 144
155 106
155 93
155 72
155 38
155 136
155 69
155 142
155 129
155 652
155 658
155 661
153 59
153 44
153 31
153 79
153 147
153 61
153 98
152 9
152 112
151 1
151 86
151 123
150 1
150 2
150 58
150 5
150 3
150 138
149 2
149 11
149 48
149 3
149 5
149 15
149 27
149 24
149 12
149 106
149 38
149 69
149 129
149 100
149 84
149 76
149 128
149 63
149 119
149 111
149 142
149 135
149 658
149 661
148 1
148 6
148 8
148 7
148 132
147 79
147 10
147 115
147 44
147 53
147 31
147 59
147 130
147 94
147 61
147 19
147 98
146 29
146 109
146 133
144 49
144 1
144 138
143 10
143 30
143 66
143 83
143 42
142 48
142 24
142 2
142 12
142 11
142 3
142 15
142 5
142 128
142 64
142 93
142 38
142 63
142 119
142 27
142 106
142 111
142 69
142 129
142 658
142 661
141 1
141 102
141 85
140 132
139 62
139 102
139 121
139 71
139 1
138 1
138 24
138 11
138 2
138 76
138 72
138 128
138 45
138 106
138 56
138 652
137 10
137 44
136 1
136 15
136 49
135 2
135 48
135 12
135 5
135 72
135 15
135 76
135 84
135 56
135 24
135 38
135 106
135 69
135 658
135 661
134 99
134 43
133 29
133 78
133 44
133 14
133 109
133 45
133 34
132 1
132 7
132 6
132 8
131 1
130 10
130 19
130 61
130 44
130 115
130 94
129 2
129 3
129 11
129 48
129 5
129 15
129 13
129 12
129 27
129 56
129 33
129 69
129 24
129 38
129 100
129 72
129 128
129 63
129 119
129 64
129 106
129 658
129 661
129 652
128 2
128 24
128 17
128 11
128 48
128 3
128 5
128 76
128 12
128 27
128 72
128 15
128 46
128 56
128 63
128 61
128 64
128 119
128 38
128 100
128 652
128 661
128 658
127 13
127 29
127 90
127 14
127 100
127 126
127 70
127 34
127 68
126 80
126 90
125 115
124 23
124 36
124 107
124 37
124 108
124 82
124 88
122 0
122 54
122 4
122 35
122 16
122 110
122 50
122 46
122 95
122 113
122 55
122 117
122 74
122 52
122 26
121 1
121 71
121 62
121 102
121 9
120 18
120 77
120 52
120 43
120 95
120 114
119 1
119 13
119 5
119 3
119 2
119 48
119 24
119 11
119 12
119 84
119 15
119 27
119 38
119 106
119 63
119 69
119 661
119 658
118 59
118 31
117 57
117 74
117 16
117 87
117 96
117 50
117 4
117 40
117 52
117 21
117 113
117 54
117 114
117 67
117 99
115 44
115 31
114 16
114 77
114 74
114 21
114 96
114 87
114 18
114 43
114 40
114 95
114 52
113 54
113 21
113 83
113 43
113 16
113 77
113 67
113 46
113 50
113 110
113 99
113 26
111 24
111 12
111 27
111 5
111 15
111 56
111 106
111 38
111 69
110 35
110 0
110 54
110 16
110 25
110 17
110 50
110 18
110 99
110 67
110 77
110 104
110 91
110 74
110 51
110 46
110 21
110 75
110 52
110 105
109 1
109 78
109 29
109 659
108 82
108 88
108 23
108 37
108 28
108 36
107 88
107 23
107 36
105 0
105 17
105 21
105 52
105 51
105 46
105 77
105 74
104 54
104 55
104 83
104 35
104 101
104 46
104 25
104 17
102 1
102 62
101 92
101 35
101 55
101 4
101 50
101 25
101 17
101 75
101 99
101 54
101 91
101 83
100 11
100 64
100 48
100 5
100 90
100 29
100 12
100 56
100 69
100 24
100 106
100 658
100 652
100 661
99 0
99 35
99 16
99 40
99 50
99 43
99 52
99 21
99 95
99 51
99 77
99 46
99 54
99 26
99 96
99 67
99 74
99 87
98 61
98 44
98 31
96 54
96 55
96 16
96 40
96 50
96 26
95 54
95 16
95 67
95 40
95 50
94 10
94 61
94 44
94 31
93 45
93 661
93 48
93 2
93 12
93 33
92 54
92 83
92 35
92 67
92 50
91 54
91 75
90 10
89 29
89 659
88 82
88 23
88 36
88 37
87 54
87 55
87 21
87 43
87 16
87 77
87 26
86 1
85 1
85 72
85 48
85 24
85 76
84 5
84 48
84 2
84 33
84 76
84 15
83 4
83 25
83 55
83 43
83 77
83 54
83 50
83 67
82 23
82 37
82 36
82 73
81 61
81 668
79 44
79 31
78 29
78 659
78 669
77 21
77 0
77 35
77 74
77 52
77 51
77 18
77 25
77 17
77 54
77 57
77 4
77 26
77 46
76 5
76 48
76 72
76 2
76 3
76 33
76 12
76 27
76 15
76 59
76 56
76 106
76 38
76 69
76 658
76 661
75 54
75 46
75 57
74 54
74 55
74 21
74 43
74 16
74 46
74 50
74 26
73 23
73 28
72 38
72 661
72 27
72 5
72 48
72 2
72 1
72 63
72 12
72 13
72 33
72 15
71 1
71 62
71 9
70 10
70 44
70 15
69 38
69 58
69 32
69 661
69 27
69 11
69 5
69 48
69 64
69 2
69 1
69 63
69 12
69 3
69 13
69 33
69 652
69 15
68 10
67 4
67 50
67 16
67 40
67 54
67 57
67 26
66 14
66 30
66 53
66 10
66 20
66 60
66 28
66 42
66 664
65 10
65 44
64 48
64 2
64 11
64 12
64 56
63 3
63 13
63 2
63 48
63 11
63 5
63 12
63 58
63 56
63 24
63 38
63 27
63 652
63 661
63 658
62 1
62 9
61 24
61 19
61 44
61 11
61 10
61 12
60 14
60 10
60 53
60 30
60 42
60 20
60 28
60 664
59 10
59 44
59 31
59 19
58 3
58 24
58 13
58 2
58 5
58 33
58 56
58 45
58 652
57 54
57 16
57 40
57 50
57 26
56 38
56 661
56 27
56 5
56 48
56 2
56 3
56 33
56 652
55 4
55 54
55 17
55 43
55 50
55 25
54 35
54 0
54 17
54 18
54 16
54 50
54 40
54 4
54 25
54 26
54 52
54 46
53 10
53 30
53 31
53 42
53 28
52 21
52 43
52 0
52 46
52 50
52 51
52 26
52 25
52 17
51 0
51 35
51 21
50 40
50 4
50 16
50 43
50 18
50 21
50 46
50 26
49 1
48 5
48 1
48 2
48 13
48 3
48 24
48 12
48 11
48 33
48 15
48 38
48 106
48 32
48 27
48 652
48 658
46 24
46 0
46 4
46 17
46 35
46 21
46 25
45 14
44 14
44 10
44 31
43 40
43 4
43 35
43 18
43 666
42 10
42 20
42 30
42 14
42 28
42 664
40 4
40 18
40 26
38 2
38 3
38 11
38 5
38 15
38 12
38 13
38 33
38 27
38 24
38 106
38 661
38 658
38 652
37 23
37 36
36 23
35 18
35 25
35 21
33 5
33 13
33 15
33 12
33 106
33 658
33 661
32 2
32 11
32 3
32 5
32 12
32 661
31 10
30 14
30 20
30 10
30 28
29 2
29 1
28 1
28 10
28 20
28 14
28 664
27 2
27 3
27 15
27 12
27 11
27 13
27 5
27 106
27 24
27 652
27 661
27 658
26 4
26 16
26 21
25 0
25 4
25 21
24 661
24 11
24 5
24 2
24 12
24 3
24 13
24 652
24 15
22 1
21 0
21 4
21 18
21 16
20 10
19 10
19 14
17 4
17 14
16 4
15 1
15 2
15 5
15 3
15 11
15 12
15 13
15 106
15 652
15 658
15 661
14 10
14 1
13 3
13 1
13 2
13 5
13 11
13 12
13 106
13 652
13 661
13 658
12 1
12 2
12 11
12 5
12 3
12 106
12 652
12 658
12 661
11 3
11 1
11 2
11 5
11 106
11 661
11 658
11 652
10 1
10 664
9 1
8 6
8 1
7 6
6 1
5 3
5 2
5 1
5 106
5 652
5 658
5 661
4 0
3 1
3 2
3 106
3 661
3 658
3 652
2 1
2 106
2 652
2 658
2 661
1 0
1 661
1 658
1 659
1 665
